begin	msa_original	l_effective	n_effective	repeat_region_length	divergence	pvalue
47	AR,AR,AR	2	3.0	6	1e-10	0.0
